0.000000 0.000007
0.006289 -0.414928
0.012579 -0.829834
0.018868 -1.244684
0.025158 -1.659449
0.031447 -2.074101
0.037737 -2.488612
0.044026 -2.902954
0.050316 -3.317099
0.056605 -3.731017
0.062895 -4.144682
0.069184 -4.558065
0.075474 -4.971138
0.081763 -5.383872
0.088053 -5.796240
0.094342 -6.208214
0.100632 -6.619765
0.106921 -7.030866
0.113211 -7.441488
0.119500 -7.851604
0.125789 -8.261186
0.132079 -8.670206
0.138368 -9.078635
0.144658 -9.486447
0.150947 -9.893614
0.157237 -10.300107
0.163526 -10.705899
0.169816 -11.110962
0.176105 -11.515270
0.182395 -11.918794
0.188684 -12.321507
0.194974 -12.723381
0.201263 -13.124389
0.207553 -13.524505
0.213842 -13.923700
0.220132 -14.321947
0.226421 -14.719220
0.232711 -15.115490
0.239000 -15.510733
0.245290 -15.904919
0.251579 -16.298024
0.257868 -16.690019
0.264158 -17.080878
0.270447 -17.470575
0.276737 -17.859083
0.283026 -18.246375
0.289316 -18.632426
0.295605 -19.017209
0.301895 -19.400698
0.308184 -19.782866
0.314474 -20.163689
0.320763 -20.543139
0.327053 -20.921192
0.333342 -21.297821
0.339632 -21.673000
0.345921 -22.046706
0.352211 -22.418911
0.358500 -22.789591
0.364790 -23.158721
0.371079 -23.526275
0.377368 -23.892230
0.383658 -24.256559
0.389947 -24.619238
0.396237 -24.980243
0.402526 -25.339549
0.408816 -25.697132
0.415105 -26.052968
0.421395 -26.407033
0.427684 -26.759302
0.433974 -27.109753
0.440263 -27.458361
0.446553 -27.805103
0.452842 -28.149956
0.459132 -28.492896
0.465421 -28.833900
0.471711 -29.172946
0.478000 -29.510011
0.484290 -29.845072
0.490579 -30.178106
0.496869 -30.509093
0.503158 -30.838008
0.509447 -31.164831
0.515737 -31.489540
0.522026 -31.812113
0.528316 -32.132528
0.534605 -32.450765
0.540895 -32.766803
0.547184 -33.080620
0.553474 -33.392195
0.559763 -33.701509
0.566053 -34.008541
0.572342 -34.313271
0.578632 -34.615679
0.584921 -34.915745
0.591211 -35.213450
0.597500 -35.508774
0.603790 -35.801698
0.610079 -36.092203
0.616369 -36.380271
0.622658 -36.665883
0.628947 -36.949021
0.635237 -37.229667
0.641526 -37.507802
0.647816 -37.783410
0.654105 -38.056472
0.660395 -38.326972
0.666684 -38.594893
0.672974 -38.860218
0.679263 -39.122930
0.685553 -39.383014
0.691842 -39.640453
0.698132 -39.895232
0.704421 -40.147334
0.710711 -40.396746
0.717000 -40.643451
0.723290 -40.887436
0.729579 -41.128685
0.735869 -41.367185
0.742158 -41.602921
0.748447 -41.835880
0.754737 -42.066048
0.761026 -42.293412
0.767316 -42.517959
0.773605 -42.739678
0.779895 -42.958554
0.786184 -43.174577
0.792474 -43.387734
0.798763 -43.598014
0.805053 -43.805406
0.811342 -44.009899
0.817632 -44.211482
0.823921 -44.410145
0.830211 -44.605878
0.836500 -44.798672
0.842790 -44.988516
0.849079 -45.175401
0.855369 -45.359320
0.861658 -45.540262
0.867948 -45.718221
0.874237 -45.893188
0.880526 -46.065155
0.886816 -46.234116
0.893105 -46.400063
0.899395 -46.562990
0.905684 -46.722890
0.911974 -46.879758
0.918263 -47.033588
0.924553 -47.184374
0.930842 -47.332112
0.937132 -47.476796
0.943421 -47.618423
0.949711 -47.756988
0.956000 -47.892488
0.962290 -48.024919
0.968579 -48.154279
0.974869 -48.280565
0.981158 -48.403774
0.987448 -48.523904
0.993737 -48.640954
1.000026 -48.754923
1.006316 -48.865809
1.012605 -48.973613
1.018895 -49.078333
1.025184 -49.179969
1.031474 -49.278523
1.037763 -49.373995
1.044053 -49.466386
1.050342 -49.555698
1.056632 -49.641932
1.062921 -49.725090
1.069211 -49.805176
1.075500 -49.882192
1.081790 -49.956141
1.088079 -50.027027
1.094369 -50.094853
1.100658 -50.159625
1.106948 -50.221346
1.113237 -50.280022
1.119527 -50.335658
1.125816 -50.388259
1.132105 -50.437832
1.138395 -50.484384
1.144684 -50.527920
1.150974 -50.568447
1.157263 -50.605974
1.163553 -50.640508
1.169842 -50.672057
1.176132 -50.700630
1.182421 -50.726235
1.188711 -50.748881
1.195000 -50.768578
1.201290 -50.785336
1.207579 -50.799165
1.213869 -50.810075
1.220158 -50.818076
1.226448 -50.823181
1.232737 -50.825401
1.239027 -50.824747
1.245316 -50.821231
1.251605 -50.814866
1.257895 -50.805665
1.264184 -50.793640
1.270474 -50.778805
1.276763 -50.761173
1.283053 -50.740759
1.289342 -50.717576
1.295632 -50.691640
1.301921 -50.662965
1.308211 -50.631566
1.314500 -50.597459
1.320790 -50.560659
1.327079 -50.521183
1.333369 -50.479046
1.339658 -50.434265
1.345948 -50.386857
1.352237 -50.336840
1.358527 -50.284229
1.364816 -50.229044
1.371106 -50.171301
1.377395 -50.111019
1.383684 -50.048217
1.389974 -49.982912
1.396263 -49.915124
1.402553 -49.844872
1.408842 -49.772174
1.415132 -49.697051
1.421421 -49.619523
1.427711 -49.539608
1.434000 -49.457327
1.440290 -49.372701
1.446579 -49.285750
1.452869 -49.196495
1.459158 -49.104957
1.465448 -49.011156
1.471737 -48.915114
1.478027 -48.816853
1.484316 -48.716393
1.490606 -48.613758
1.496895 -48.508968
1.503184 -48.402046
1.509474 -48.293014
1.515763 -48.181894
1.522053 -48.068709
1.528342 -47.953481
1.534632 -47.836233
1.540921 -47.716987
1.547211 -47.595768
1.553500 -47.472597
1.559790 -47.347499
1.566079 -47.220495
1.572369 -47.091609
1.578658 -46.960866
1.584948 -46.828287
1.591237 -46.693898
1.597527 -46.557720
1.603816 -46.419779
1.610106 -46.280097
1.616395 -46.138698
1.622684 -45.995606
1.628974 -45.850846
1.635263 -45.704439
1.641553 -45.556412
1.647842 -45.406786
1.654132 -45.255587
1.660421 -45.102838
1.666711 -44.948563
1.673000 -44.792785
1.679290 -44.635529
1.685579 -44.476818
1.691869 -44.316677
1.698158 -44.155128
1.704448 -43.992196
1.710737 -43.827905
1.717027 -43.662277
1.723316 -43.495336
1.729606 -43.327107
1.735895 -43.157612
1.742185 -42.986875
1.748474 -42.814919
1.754763 -42.641767
1.761053 -42.467443
1.767342 -42.291969
1.773632 -42.115369
1.779921 -41.937666
1.786211 -41.758881
1.792500 -41.579039
1.798790 -41.398160
1.805079 -41.216269
1.811369 -41.033387
1.817658 -40.849536
1.823948 -40.664738
1.830237 -40.479016
1.836527 -40.292390
1.842816 -40.104884
1.849106 -39.916518
1.855395 -39.727313
1.861685 -39.537292
1.867974 -39.346474
1.874263 -39.154881
1.880553 -38.962533
1.886842 -38.769451
1.893132 -38.575656
1.899421 -38.381168
1.905711 -38.186006
1.912000 -37.990191
1.918290 -37.793743
1.924579 -37.596680
1.930869 -37.399022
1.937158 -37.200789
1.943448 -37.001999
1.949737 -36.802671
1.956027 -36.602823
1.962316 -36.402475
1.968606 -36.201643
1.974895 -36.000347
1.981185 -35.798603
1.987474 -35.596430
1.993764 -35.393844
2.000053 -35.190864
2.006342 -34.987505
2.012632 -34.783785
2.018921 -34.579719
2.025211 -34.375325
2.031500 -34.170618
2.037790 -33.965615
2.044079 -33.760330
2.050369 -33.554780
2.056658 -33.348979
2.062948 -33.142943
2.069237 -32.936686
2.075527 -32.730223
2.081816 -32.523568
2.088106 -32.316736
2.094395 -32.109739
2.100685 -31.902593
2.106974 -31.695309
2.113264 -31.487902
2.119553 -31.280385
2.125842 -31.072770
2.132132 -30.865069
2.138421 -30.657296
2.144711 -30.449462
2.151000 -30.241579
2.157290 -30.033659
2.163579 -29.825713
2.169869 -29.617753
2.176158 -29.409789
2.182448 -29.201833
2.188737 -28.993894
2.195027 -28.785983
2.201316 -28.578111
2.207606 -28.370287
2.213895 -28.162521
2.220185 -27.954823
2.226474 -27.747201
2.232764 -27.539665
2.239053 -27.332224
2.245342 -27.124886
2.251632 -26.917659
2.257921 -26.710553
2.264211 -26.503575
2.270500 -26.296732
2.276790 -26.090033
2.283079 -25.883485
2.289369 -25.677095
2.295658 -25.470870
2.301948 -25.264817
2.308237 -25.058943
2.314527 -24.853254
2.320816 -24.647756
2.327106 -24.442455
2.333395 -24.237357
2.339685 -24.032468
2.345974 -23.827793
2.352264 -23.623338
2.358553 -23.419108
2.364843 -23.215108
2.371132 -23.011341
2.377421 -22.807814
2.383711 -22.604530
2.390000 -22.401494
2.396290 -22.198709
2.402579 -21.996180
2.408869 -21.793910
2.415158 -21.591904
2.421448 -21.390163
2.427737 -21.188692
2.434027 -20.987493
2.440316 -20.786569
2.446606 -20.585924
2.452895 -20.385560
2.459185 -20.185478
2.465474 -19.985682
2.471764 -19.786174
2.478053 -19.586956
2.484343 -19.388028
2.490632 -19.189394
2.496921 -18.991055
2.503211 -18.793011
2.509500 -18.595265
2.515790 -18.397818
2.522079 -18.200670
2.528369 -18.003822
2.534658 -17.807276
2.540948 -17.611031
2.547237 -17.415088
2.553527 -17.219448
2.559816 -17.024111
2.566106 -16.829077
2.572395 -16.634346
2.578685 -16.439917
2.584974 -16.245791
2.591264 -16.051967
2.597553 -15.858445
2.603843 -15.665224
2.610132 -15.472304
2.616422 -15.279683
2.622711 -15.087361
2.629000 -14.895337
2.635290 -14.703609
2.641579 -14.512177
2.647869 -14.321039
2.654158 -14.130194
2.660448 -13.939640
2.666737 -13.749376
2.673027 -13.559400
2.679316 -13.369709
2.685606 -13.180304
2.691895 -12.991180
2.698185 -12.802337
2.704474 -12.613773
2.710764 -12.425484
2.717053 -12.237469
2.723343 -12.049725
2.729632 -11.862251
2.735922 -11.675043
2.742211 -11.488098
2.748500 -11.301415
2.754790 -11.114991
2.761079 -10.928822
2.767369 -10.742906
2.773658 -10.557240
2.779948 -10.371820
2.786237 -10.186645
2.792527 -10.001710
2.798816 -9.817012
2.805106 -9.632549
2.811395 -9.448317
2.817685 -9.264312
2.823974 -9.080531
2.830264 -8.896971
2.836553 -8.713628
2.842843 -8.530499
2.849132 -8.347579
2.855422 -8.164866
2.861711 -7.982355
2.868001 -7.800043
2.874290 -7.617925
2.880579 -7.435999
2.886869 -7.254259
2.893158 -7.072703
2.899448 -6.891325
2.905737 -6.710123
2.912027 -6.529092
2.918316 -6.348227
2.924606 -6.167525
2.930895 -5.986982
2.937185 -5.806593
2.943474 -5.626354
2.949764 -5.446261
2.956053 -5.266309
2.962343 -5.086494
2.968632 -4.906812
2.974922 -4.727258
2.981211 -4.547827
2.987501 -4.368517
2.993790 -4.189321
3.000079 -4.010235
3.006369 -3.831255
3.012658 -3.652377
3.018948 -3.473595
3.025237 -3.294906
3.031527 -3.116303
3.037816 -2.937784
3.044106 -2.759343
3.050395 -2.580976
3.056685 -2.402677
3.062974 -2.224443
3.069264 -2.046268
3.075553 -1.868148
3.081843 -1.690077
3.088132 -1.512053
3.094422 -1.334068
3.100711 -1.156120
3.107001 -0.978203
3.113290 -0.800312
3.119579 -0.622442
3.125869 -0.444589
3.132158 -0.266748
3.138448 -0.088914
3.144737 0.088917
3.151027 0.266751
3.157316 0.444591
3.163606 0.622444
3.169895 0.800314
3.176185 0.978205
3.182474 1.156122
3.188764 1.334071
3.195053 1.512055
3.201343 1.690080
3.207632 1.868150
3.213922 2.046270
3.220211 2.224445
3.226501 2.402679
3.232790 2.580978
3.239080 2.759345
3.245369 2.937787
3.251658 3.116306
3.257948 3.294908
3.264237 3.473598
3.270527 3.652379
3.276816 3.831258
3.283106 4.010237
3.289395 4.189323
3.295685 4.368519
3.301974 4.547830
3.308264 4.727260
3.314553 4.906814
3.320843 5.086496
3.327132 5.266311
3.333422 5.446263
3.339711 5.626356
3.346001 5.806595
3.352290 5.986984
3.358580 6.167528
3.364869 6.348229
3.371158 6.529094
3.377448 6.710125
3.383737 6.891327
3.390027 7.072705
3.396316 7.254261
3.402606 7.436001
3.408895 7.617927
3.415185 7.800045
3.421474 7.982357
3.427764 8.164868
3.434053 8.347581
3.440343 8.530501
3.446632 8.713630
3.452922 8.896973
3.459211 9.080533
3.465501 9.264314
3.471790 9.448319
3.478080 9.632551
3.484369 9.817014
3.490659 10.001711
3.496948 10.186646
3.503237 10.371822
3.509527 10.557241
3.515816 10.742907
3.522106 10.928823
3.528395 11.114992
3.534685 11.301417
3.540974 11.488100
3.547264 11.675044
3.553553 11.862252
3.559843 12.049727
3.566132 12.237470
3.572422 12.425485
3.578711 12.613774
3.585001 12.802338
3.591290 12.991181
3.597580 13.180305
3.603869 13.369710
3.610159 13.559400
3.616448 13.749377
3.622737 13.939641
3.629027 14.130195
3.635316 14.321040
3.641606 14.512178
3.647895 14.703610
3.654185 14.895338
3.660474 15.087362
3.666764 15.279684
3.673053 15.472304
3.679343 15.665225
3.685632 15.858446
3.691922 16.051968
3.698211 16.245791
3.704501 16.439917
3.710790 16.634346
3.717080 16.829077
3.723369 17.024111
3.729659 17.219448
3.735948 17.415088
3.742237 17.611031
3.748527 17.807275
3.754816 18.003822
3.761106 18.200669
3.767395 18.397817
3.773685 18.595265
3.779974 18.793011
3.786264 18.991054
3.792553 19.189393
3.798843 19.388027
3.805132 19.586955
3.811422 19.786173
3.817711 19.985681
3.824001 20.185477
3.830290 20.385558
3.836580 20.585923
3.842869 20.786568
3.849159 20.987491
3.855448 21.188690
3.861738 21.390161
3.868027 21.591902
3.874316 21.793909
3.880606 21.996178
3.886895 22.198707
3.893185 22.401492
3.899474 22.604528
3.905764 22.807812
3.912053 23.011339
3.918343 23.215105
3.924632 23.419106
3.930922 23.623336
3.937211 23.827791
3.943501 24.032465
3.949790 24.237354
3.956080 24.442452
3.962369 24.647753
3.968659 24.853251
3.974948 25.058940
3.981238 25.264814
3.987527 25.470867
3.993816 25.677092
4.000106 25.883482
4.006395 26.090030
4.012685 26.296729
4.018974 26.503571
4.025264 26.710549
4.031553 26.917655
4.037843 27.124881
4.044132 27.332219
4.050422 27.539661
4.056711 27.747196
4.063001 27.954818
4.069290 28.162517
4.075580 28.370282
4.081869 28.578106
4.088159 28.785978
4.094448 28.993889
4.100738 29.201827
4.107027 29.409784
4.113317 29.617748
4.119606 29.825708
4.125895 30.033654
4.132185 30.241573
4.138474 30.449456
4.144764 30.657290
4.151053 30.865063
4.157343 31.072764
4.163632 31.280379
4.169922 31.487896
4.176211 31.695303
4.182501 31.902586
4.188790 32.109733
4.195080 32.316729
4.201369 32.523561
4.207659 32.730216
4.213948 32.936679
4.220238 33.142936
4.226527 33.348972
4.232817 33.554773
4.239106 33.760323
4.245395 33.965607
4.251685 34.170611
4.257974 34.375317
4.264264 34.579711
4.270553 34.783776
4.276843 34.987497
4.283132 35.190855
4.289422 35.393836
4.295711 35.596421
4.302001 35.798595
4.308290 36.000338
4.314580 36.201634
4.320869 36.402466
4.327159 36.602814
4.333448 36.802662
4.339738 37.001990
4.346027 37.200780
4.352317 37.399013
4.358606 37.596670
4.364895 37.793733
4.371185 37.990182
4.377474 38.185997
4.383764 38.381158
4.390053 38.575646
4.396343 38.769441
4.402632 38.962523
4.408922 39.154870
4.415211 39.346463
4.421501 39.537281
4.427790 39.727303
4.434080 39.916507
4.440369 40.104873
4.446659 40.292380
4.452948 40.479005
4.459238 40.664727
4.465527 40.849525
4.471817 41.033376
4.478106 41.216258
4.484396 41.398149
4.490685 41.579027
4.496974 41.758870
4.503264 41.937654
4.509553 42.115358
4.515843 42.291958
4.522132 42.467431
4.528422 42.641756
4.534711 42.814907
4.541001 42.986863
4.547290 43.157600
4.553580 43.327095
4.559869 43.495325
4.566159 43.662265
4.572448 43.827893
4.578738 43.992184
4.585027 44.155116
4.591317 44.316665
4.597606 44.476807
4.603896 44.635517
4.610185 44.792773
4.616474 44.948551
4.622764 45.102826
4.629053 45.255575
4.635343 45.406774
4.641632 45.556400
4.647922 45.704427
4.654211 45.850834
4.660501 45.995594
4.666790 46.138686
4.673080 46.280085
4.679369 46.419767
4.685659 46.557708
4.691948 46.693886
4.698238 46.828276
4.704527 46.960854
4.710817 47.091598
4.717106 47.220483
4.723396 47.347487
4.729685 47.472586
4.735975 47.595756
4.742264 47.716976
4.748553 47.836221
4.754843 47.953469
4.761132 48.068697
4.767422 48.181883
4.773711 48.293003
4.780001 48.402035
4.786290 48.508957
4.792580 48.613747
4.798869 48.716383
4.805159 48.816842
4.811448 48.915103
4.817738 49.011145
4.824027 49.104946
4.830317 49.196485
4.836606 49.285740
4.842896 49.372691
4.849185 49.457317
4.855475 49.539598
4.861764 49.619512
4.868053 49.697041
4.874343 49.772164
4.880632 49.844862
4.886922 49.915115
4.893211 49.982903
4.899501 50.048207
4.905790 50.111010
4.912080 50.171292
4.918369 50.229035
4.924659 50.284220
4.930948 50.336831
4.937238 50.386849
4.943527 50.434257
4.949817 50.479038
4.956106 50.521175
4.962396 50.560651
4.968685 50.597451
4.974975 50.631559
4.981264 50.662958
4.987554 50.691633
4.993843 50.717569
5.000132 50.740752
5.006422 50.761166
5.012711 50.778798
5.019001 50.793633
5.025290 50.805658
5.031580 50.814860
5.037869 50.821225
5.044159 50.824741
5.050448 50.825395
5.056738 50.823176
5.063027 50.818071
5.069317 50.810069
5.075606 50.799159
5.081896 50.785331
5.088185 50.768573
5.094475 50.748876
5.100764 50.726230
5.107054 50.700625
5.113343 50.672053
5.119632 50.640504
5.125922 50.605970
5.132211 50.568443
5.138501 50.527916
5.144790 50.484380
5.151080 50.437829
5.157369 50.388256
5.163659 50.335655
5.169948 50.280019
5.176238 50.221344
5.182527 50.159622
5.188817 50.094851
5.195106 50.027025
5.201396 49.956139
5.207685 49.882190
5.213975 49.805175
5.220264 49.725089
5.226554 49.641931
5.232843 49.555697
5.239132 49.466385
5.245422 49.373995
5.251711 49.278523
5.258001 49.179969
5.264290 49.078333
5.270580 48.973613
5.276869 48.865810
5.283159 48.754924
5.289448 48.640955
5.295738 48.523905
5.302027 48.403775
5.308317 48.280566
5.314606 48.154280
5.320896 48.024921
5.327185 47.892490
5.333475 47.756990
5.339764 47.618425
5.346054 47.476798
5.352343 47.332114
5.358633 47.184376
5.364922 47.033591
5.371211 46.879761
5.377501 46.722893
5.383790 46.562993
5.390080 46.400066
5.396369 46.234119
5.402659 46.065159
5.408948 45.893191
5.415238 45.718225
5.421527 45.540266
5.427817 45.359324
5.434106 45.175406
5.440396 44.988520
5.446685 44.798676
5.452975 44.605883
5.459264 44.410150
5.465554 44.211487
5.471843 44.009904
5.478133 43.805412
5.484422 43.598020
5.490711 43.387740
5.497001 43.174583
5.503290 42.958560
5.509580 42.739684
5.515869 42.517966
5.522159 42.293418
5.528448 42.066054
5.534738 41.835886
5.541027 41.602928
5.547317 41.367192
5.553606 41.128692
5.559896 40.887443
5.566185 40.643459
5.572475 40.396753
5.578764 40.147342
5.585054 39.895239
5.591343 39.640461
5.597633 39.383022
5.603922 39.122938
5.610212 38.860226
5.616501 38.594901
5.622790 38.326981
5.629080 38.056481
5.635369 37.783418
5.641659 37.507811
5.647948 37.229676
5.654238 36.949030
5.660527 36.665893
5.666817 36.380281
5.673106 36.092213
5.679396 35.801707
5.685685 35.508783
5.691975 35.213459
5.698264 34.915755
5.704554 34.615689
5.710843 34.313281
5.717133 34.008551
5.723422 33.701519
5.729712 33.392206
5.736001 33.080630
5.742290 32.766813
5.748580 32.450776
5.754869 32.132539
5.761159 31.812123
5.767448 31.489551
5.773738 31.164842
5.780027 30.838019
5.786317 30.509104
5.792606 30.178118
5.798896 29.845083
5.805185 29.510022
5.811475 29.172957
5.817764 28.833912
5.824054 28.492907
5.830343 28.149967
5.836633 27.805115
5.842922 27.458373
5.849212 27.109765
5.855501 26.759314
5.861790 26.407045
5.868080 26.052980
5.874369 25.697144
5.880659 25.339561
5.886948 24.980255
5.893238 24.619250
5.899527 24.256571
5.905817 23.892242
5.912106 23.526288
5.918396 23.158734
5.924685 22.789604
5.930975 22.418924
5.937264 22.046718
5.943554 21.673013
5.949843 21.297833
5.956133 20.921204
5.962422 20.543152
5.968712 20.163702
5.975001 19.782879
5.981291 19.400711
5.987580 19.017222
5.993869 18.632439
6.000159 18.246388
6.006448 17.859096
6.012738 17.470588
6.019027 17.080891
6.025317 16.690032
6.031606 16.298037
6.037896 15.904933
6.044185 15.510746
6.050475 15.115504
6.056764 14.719233
6.063054 14.321960
6.069343 13.923713
6.075633 13.524518
6.081922 13.124403
6.088212 12.723395
6.094501 12.321520
6.100791 11.918808
6.107080 11.515284
6.113369 11.110976
6.119659 10.705913
6.125948 10.300120
6.132238 9.893627
6.138527 9.486461
6.144817 9.078649
6.151106 8.670220
6.157396 8.261200
6.163685 7.851618
6.169975 7.441502
6.176264 7.030880
6.182554 6.619779
6.188843 6.208228
6.195133 5.796254
6.201422 5.383886
6.207712 4.971152
6.214001 4.558079
6.220291 4.144696
6.226580 3.731031
6.232870 3.317113
6.239159 2.902968
6.245448 2.488627
6.251738 2.074115
6.258027 1.659463
6.264317 1.244698
